   -0.205004    -0.310979    -0.103954   -0.0331556    -0.133776    -0.137235    -0.125957    -0.113142    -0.122275    -0.274024
  0.00219328   -0.0676864   -0.0370774     -0.13186   -0.0500135    -0.174518   -0.0767247    -0.036202    0.0590123    0.0904489
  -0.0555566   -0.0303445   -0.0345448     0.137297   -0.0129486   -0.0137668    0.0591016     0.065351    0.0500294     0.070886
  -0.0909934    0.0347883    0.0490303    0.0561711    0.0452152     0.117758  0.000604833   -0.0213005   -0.0439365     0.142926
   0.0336169    0.0718768    -0.271157     0.118794   -0.0189827   -0.0186453   -0.0532059  -0.00539412    0.0353145     0.187794
    0.143073   -0.0505792    0.0796928   -0.0274693     0.234971    0.0202726   -0.0923273    0.0429643    -0.159949    -0.114095
  -0.0149364   -0.0383506    -0.103828    0.0267594   -0.0827341     0.114133    0.0413678     0.039017    0.0779968   -0.0239814
   0.0743221   -0.0212918     0.118964   -0.0150141  -0.00744473    0.0220698    0.0136286     0.001246    0.0424804  -0.00128579
  -0.0241038   -0.0112679    0.0919597    -0.103812    0.0222288    0.0911896    0.0196315   -0.0242717     0.102499     0.112251
    0.104506    -0.082286     0.163421    0.0322711   -0.0412789   -0.0790118    0.0575243   0.00200919   -0.0870354     0.102984
   0.0349986    0.0180061    0.0401809    0.0325493    0.0699679    0.0276765   -0.0549608    -0.043909  -0.00280537    0.0369763
  -0.0927102    0.0490234   -0.0894379 -0.000783546   -0.0235435    0.0952498    0.0534877   -0.0649722    0.0650782    0.0715057
  -0.0367821   -0.0984646    0.0980859    0.0526728     0.128063     -0.05907    -0.018248     0.180856     -0.11652    0.0104414
   0.0326339     0.146032    0.0110112  -0.00977892   -0.0268136   -0.0721226  -0.00584912   -0.0159776   -0.0242267    0.0237265
 -0.00923798    0.0578584     0.080243     0.039991     0.117085    -0.115128  -0.00281993    0.0422284    0.0669477   -0.0932487
   0.0377155    0.0582154    -0.063248   -0.0633569   -0.0472962      0.12609     0.231915   -0.0817976    0.0174196   -0.0785391
   -0.153129    0.0473837     0.153534    -0.027657     0.106178    0.0407723    -0.110524     0.119495     0.166565    -0.174938
   0.0153983   -0.0202805   -0.0496988     0.260534    -0.200215    -0.095101    0.0812276    0.0178957    0.0919411    0.0966776
   0.0557984     0.108934     0.034644   -0.0717841    0.0658351    -0.134893   -0.0357616     0.110088    -0.066225    0.0784507
    0.135983    -0.133997    0.0960348     0.050472   0.00642871    -0.121418    0.0839235    0.0204211   -0.0511672  -0.00465257
  -0.0176213   -0.0711734   -0.0806664   0.00155894     0.111643   -0.0360222    0.0747853    -0.105815     0.219296   -0.0788941
   -0.132287     0.168988   -0.0971878     0.111852     0.060242    -0.195679    0.0795003    0.0349616     0.102612   -0.0845782
  -0.0494905   -0.0387117    0.0854239    0.0257884    0.0454372    0.0263433   -0.0252359      0.12308    0.0758787   -0.0169275
    0.129708    0.0280893   -0.0191981    0.0587172 -0.000877874     -0.15831   -0.0017154     0.110362  -0.00420786    -0.051031
   0.0102805    -0.086467   -0.0877592    0.0829241    -0.104843    0.0994014    -0.055795    0.0777377     0.128542    0.0916176
   0.0324183     0.119908     0.112947    0.0804838    0.0879987    -0.146509   -0.0337815    0.0670856   -0.0532476    -0.108408
   -0.030338     0.122579    0.0471371   -0.0957866    0.0365662    0.0474814    -0.140295    0.0764087   -0.0071725    0.0280248
     0.13233   -0.0493063     0.125842    0.0689644     -0.12472   -0.0338983   -0.0118319   0.00169391    -0.190285    0.0738332
   0.0464928     0.122871    -0.057104    -0.131744   0.00316666     0.166795   -0.0456071   -0.0227639      0.12536   -0.0964478
   0.0415892    0.0254083    0.0658498   -0.0754959    0.0204693   -0.0112282    0.0424266   0.00392787    0.0831533    -0.106929
    0.242513   -0.0811226    -0.160584   -0.0341418    0.0961951    0.0159297     0.220552   -0.0231368     -0.10025   -0.0484692
    0.181298  -0.00818854   -0.0567169    0.0111935  -0.00282891   -0.0223275  0.000643896    -0.057121    0.0303495     0.057241
  -0.0358061    0.0252783    -0.171954     0.113087    0.0945573   -0.0789308    0.0602535     0.106101    -0.013715    0.0418167
  -0.0143555   -0.0165602    0.0844096    0.0968646   0.00438277     0.180828     -0.01062    -0.158997    0.0235883    0.0443228
     0.04049   -0.0234139   -0.0783679    -0.112044    0.0122926     0.239338    0.0232793  0.000212815   -0.0577204    0.0747392
  -0.0968287    0.0756771     0.150905     0.179694    0.0936083   0.00903222    0.0460955    0.0240158     0.108251    -0.227226
   0.0289229     0.135494   -0.0988269    -0.074174     0.181956   -0.0809814   -0.0586427     0.117121   -0.0931579   -0.0218201
   0.0225607    -0.129547   -0.0335459    -0.138452     0.116439    0.0535934     0.138467   -0.0728287     0.263577   -0.0141654
  -0.0656672     0.153013   -0.0810393    -0.109452    -0.063862   -0.0313249   -0.0477086    0.0817538     0.111005      0.15669
 -0.00169435    0.0430004    0.0328228     -0.00591   -0.0146564   -0.0847889   -0.0679874   -0.0207306     0.167121   0.00802452
  -0.0275262     0.078454     0.100776    0.0219849  -0.00458257     0.199068    -0.172985    0.0212719  -0.00413301   -0.0122969
  -0.0122516   -0.0327589   -0.0275349    0.0553034   -0.0372137     0.062804     0.183069     0.100413    0.0165127   0.00222731
    0.117545   -0.0918679     0.127175    -0.030519  -0.00687832  -0.00985136   -0.0429353     0.050112     0.078539   -0.0432569
    -0.00724   -0.0544148    0.0392769     0.171453     -0.10981    -0.148256     0.239315     0.143471    -0.125418   -0.0323594
  0.00468286     0.156475    0.0354967  -0.00346968   -0.0899354     0.143591    0.0373699  -0.00626251    0.0290009    -0.136354
 -0.00601113    0.0872313  -0.00400584     0.140937   0.00888495    0.0201316    -0.134887   -0.0213241       0.1084   -0.0359888
  -0.0946313     0.339235    0.0676636   -0.0846314  2.96489e-05 -0.000776858    0.0348716    -0.159769    -0.152303   -0.0424622
   0.0821793   -0.0388675   0.00159301     0.018204     0.187753     0.132432   -0.0250665   -0.0652803  -0.00495638  -0.00711496
   0.0225747   -0.0588743   -0.0941445    0.0198261     0.126211   -0.0235124    0.0245825    0.0939415     0.065729  -0.00784873
   0.0893223   -0.0781958   0.00279326     -0.05775   -0.0124784    0.0927503    0.0750639   -0.0723914   -0.0957992      0.12854
    0.128074    0.0603283    0.0962948    0.0261389    -0.123887     0.136392     0.138658    -0.172789   -0.0682494    0.0196448
  0.00118218    0.0925586     0.115175   -0.0807343     0.119053     -0.09222    0.0275744    -0.156831   -0.0544914     0.117864
   0.0331187    -0.112094    0.0530838    0.0428478   -0.0628818     0.154422    0.0855138     0.139253   -0.0947082    -0.113104
   -0.023327     0.143861   0.00352799   -0.0745503     0.114513   -0.0896613    0.0072561   -0.0717471   -0.0040116    0.0668374
   0.0634116    0.0875665     0.042796   -0.0471357    0.0419136  -0.00840455    -0.150899    -0.130822   -0.0213621      0.14668
  -0.0904996    -0.060541    0.0336735     0.111127    0.0277006    0.0387701     -0.02891     0.116673    0.0196514    0.0838732
   -0.104725   -0.0148183    0.0105375    0.0555479    0.0942793   0.00823938     0.109886  -0.00457038   -0.0700211     0.124112
   -0.100238   -0.0675521     0.114499   -0.0691054    -0.121231    0.0207478   -0.0142416     0.189266    0.0177459     0.187135
   0.0634603   -0.0281744  -0.00518098    -0.138772    0.0772721    0.0699373     0.138002    0.0301511   -0.0679948   -0.0419633
  -0.0424045   -0.0404571    0.0806663     0.345803   -0.0423042    0.0212039    -0.087533    -0.117009     0.111857  -0.00489935
    0.196547    0.0175012     0.219714    -0.123742    -0.103104   -0.0342896     0.102802   -0.0268952    0.0144863   -0.0518044
   0.0312422   -0.0269287    0.0505638   0.00692511   -0.0314995   -0.0373232    -0.123107    0.0284446    0.0983623     0.217261
   -0.170562     0.136415     0.103039   -0.0753874    -0.154029   -0.0320882     0.211275    0.0876377   -0.0761791    0.0819654
   0.0341713    0.0422173     -0.12803 -0.000647076  -0.00311342     0.104522    0.0518023     0.155779   -0.0480684    0.0391826
    0.130871   -0.0689701   -0.0370896    0.0157706   -0.0407004    0.0289997   -0.0266135   -0.0127026    0.0948038    0.0579833
  -0.0217089   -0.0491674   0.00146364    0.0141242     0.140343    0.0838759   -0.0617518   -0.0501957   0.00473812    0.0571855
 -0.00246027    0.0483672    0.0243646    0.0277301   0.00232121  -0.00560652   -0.0162124    0.0626658     0.033216    0.0201166
  0.00627401   -0.0945647     0.121444   -0.0352676  -0.00662552    0.0434264   -0.0290955     0.149933   0.00538031   0.00254655
   0.0461441  0.000959115    0.0119067     0.021778     0.042114  -0.00709308   -0.0444549   0.00111885   0.00286839    0.0109326
  -0.0388212   -0.0233617   -0.0944573   -0.0192505     0.127897    0.0454118    0.0167456    0.0101217    0.0799896    0.0215142
 0.000771802   0.00318902  -0.00148368   -0.0389467    0.0788759   -0.0205465     0.116464   -0.0512398    0.0931152   -0.0414994
   0.0395901    0.0513143   -0.0542228    0.0136512  -0.00718009   -0.0349381    0.0362633   0.00256802   -0.0232862    0.0408623
   0.0111636   0.00619808    0.0647589     0.011626   -0.0128034   -0.0121096   -0.0172049   0.00857148    0.0569087  -0.00152221
   0.0957777   0.00268539   0.00102264    0.0449455   -0.0144762   -0.0356808    0.0189616   -0.0420379      0.10949    0.0448767
  -0.0383818    0.0399425    0.0600886   -0.0572018    0.0244202   -0.0551142    0.0497743    0.0806621   -0.0113654   -0.0264046
    0.123453   -0.0222021     0.141357   -0.0754287  -0.00941711   -0.0302673   -0.0655164   -0.0892527    0.0440199    0.0195035
  0.00697479     0.020755   -0.0375982   -0.0256685    0.0656242    0.0892162   -0.0132201   -0.0010906    0.0244306   0.00766817
 -0.00104462    0.0363749     0.027984   0.00419528    0.0441863   -0.0531398   0.00862419 -0.000477924    0.0429169    0.0173093
   0.0430171    0.0346651   0.00355298    0.0458353    0.0475498   -0.0220669    0.0451504   -0.0109218    0.0416029   -0.0530248
   0.0842906    0.0759921    0.0102538   -0.0917255   -0.0704649    0.0341635   -0.0113721   -0.0362669    0.0450975    0.0962618
   -0.018046  -0.00603538  -0.00844591    0.0246431  0.000705914    0.0874152    0.0118699    0.0158435    0.0511167   -0.0171393
    0.024933   -0.0197679   0.00408774   -0.0259884    0.0232312     0.038894    0.0156423    0.0240079    0.0214286  -0.00545307
   0.0503437   -0.0130519   -0.0194446   0.00250281   -0.0226647    0.0700911    -0.017333    0.0494718    0.0158547    0.0773145
   0.0474897   -0.0425465    0.0325866    0.0486757    0.0303976    0.0173025   -0.0210688    0.0448891    0.0558266   0.00813592
  -0.0077602   0.00112486    -0.019973   -0.0819796    0.0370437    0.0137703    0.0876538    0.0808176    0.0379213    0.0565537
   -0.102389   -0.0896514   -0.0246824   -0.0354378     0.145811     0.021475    0.0621681     0.157317    0.0212711  -0.00249294
   0.0403958    0.0277966    0.0546885    0.0181157   -0.0280752   -0.0451918    0.0768439  -0.00242533    0.0228759    0.0392441
 -0.00422694    0.0367931    0.0217247   -0.0104202  6.65042e-06   -0.0225718    0.0120169  -0.00959788    0.0393725    0.0465747
   0.0186095   0.00905511    0.0496528    0.0398982    0.0359507   -0.0160982   0.00762535    -0.026476   -0.0076949    -0.053199
   -0.103759    0.0878818    0.0466489   -0.0854636    -0.106765    0.0437868    0.0842258     0.189404   -0.0186861   -0.0424607
  -0.0757863    0.0517299   -0.0902816  -0.00836099    0.0336961    0.0368634     0.097171    0.0733024   -0.0623474    0.0572679
   0.0314651   -0.0610793    0.0142882    0.0290516    0.0887479    0.0399056    0.0189484  -0.00682733    0.0535013   -0.0316212
  -0.0194936    0.0519005  -0.00172817    0.0305468    0.0159343    0.0042072    0.0209831    0.0176369    0.0347085  -0.00169026
   0.0142606   -0.0134761    0.0135211    0.0018195    0.0477138  -0.00736096    0.0200674   0.00522028     0.020739  -0.00509565
    0.139888    0.0747932   -0.0289495   -0.0250714   -0.0473015   -0.0683519    -0.118144     0.115601      0.11958    -0.063489
  -0.0779783    0.0138549    0.0832053   0.00912038    0.0406922    0.0840493   -0.0856708    0.0358056   -0.0490255   -0.0175117
   0.0172413    0.0266348    0.0115026    0.0437866    0.0270639   -0.0635459    0.0473596   -0.0262334    0.0246963    0.0121114
   -0.035386   -0.0637015    0.0388012    0.0209274    0.0639692   -0.0101194  -0.00891297    0.0710289   -0.0432558    0.0363936
   0.0987913   -0.0213215   -0.0568799 -0.000582377    0.0154221  -0.00542734    0.0794874    0.0100288   -0.0569731  -0.00478576
   0.0821078   -0.0577959    0.0440205    0.0498889   -0.0233548   -0.0204129    0.0425137    0.0368497    0.0222063    0.0325148
   0.0373684     0.123793   -0.0362508     0.117842    -0.081177   -0.0311386    0.0104619   -0.0417236      0.03351      0.13254
  0.00869137   0.00482233   0.00510077    0.0193788   -0.0206115 -5.92055e-05     0.078457    0.0707317   -0.0383635  -0.00462745
   0.0316881    0.0207258   -0.0200592    0.0116438  -0.00350228   -0.0648777     0.030213     0.014445    0.0312704    0.0153376
  -0.0194449    0.0401501  -0.00108255   -0.0550098   0.00475595   -0.0154918  -0.00625377    0.0266221    0.0216584    0.0969752
  0.00506449    0.0385654    0.0967906   -0.0782491    -0.110992    0.0455419     0.110139     0.132601    0.0258877   -0.0410524
    0.201906    0.0395289    0.0397793   0.00802875   -0.0855539  -0.00622268   -0.0767718   0.00604312   -0.0418697   -0.0325383
  0.00578659    0.0309054    0.0468299  0.000969155  -0.00102871    -0.047486    0.0648752    0.0186102    -0.010434   -0.0275496
 -0.00393386    0.0373082   -0.0474312   0.00576062    0.0780518   -0.0569335    0.0379583    0.0139815   0.00417934    0.0654812
   -0.110305   -0.0368988    0.0610958    0.0479249     0.022674    0.0400262    0.0253331    0.0218141    0.0808361    0.0380475
   0.0959812    0.0416934  -0.00444772    0.0525655    -0.103177   -0.0272105   -0.0450568    0.0560988     0.133285   -0.0853618
   0.0355146    0.0326977  -0.00193622   0.00745402    0.0456627   -0.0392892   -0.0785428    0.0256358     0.019699    0.0533406
  -0.0381579    0.0675212    0.0713896   -0.0351529  -0.00939501    0.0196195    0.0153562   -0.0403032    0.0272745    0.0616947
  0.00221565    0.0139098   0.00610726   0.00714109    0.0015863    0.0334827    0.0135089   0.00757555   0.00769352    0.0278318
  -0.0129169    0.0094288   0.00802681  -0.00877203    0.0398518 -0.000601401     0.023436   -0.0246208    0.0151108    0.0518723
   0.0187656   -0.0582196    0.0642733   -0.0517787    0.0370922  -0.00486903   0.00871994    0.0245141   0.00279095    0.0604614
    0.127888    0.0848614   -0.0119874     0.100391   -0.0406192   -0.0883825   -0.0493409   -0.0899221   -0.0140828    0.0511412
  -0.0391937    0.0198461     0.019768   -0.0190742    -0.023287  -0.00358438    0.0429736     0.185705    0.0457848    0.0215894
   0.0287203    0.0225978    0.0338705   0.00893671    0.0396957    0.0467792    0.0108302    0.0508765   -0.0315538    0.0459998
   0.0101122    0.0330318    0.0342785    0.0598933    0.0233799    0.0399554    0.0479965   0.00341006  -0.00348988   -0.0449165
   0.0325369    0.0547875   -0.0182081    0.0232713    0.0255312  -0.00981364    0.0178652   -0.0155023  -0.00570037    0.0137975
    0.167231    0.0088173  -0.00522892   -0.0796967   -0.0212133   -0.0270006  -0.00843385    0.0350658    0.0124455   -0.0171343
    0.106356   -0.0714624    0.0182257    0.0500634    -0.118203   -0.0729354    0.0991026    0.0443529    0.0855817    0.0149443
  0.00985266    0.0499368    0.0800614     0.034262    0.0626988   -0.0161564    0.0288312    0.0188747  -0.00868039   0.00324758
  -0.0310885     0.012885    0.0745518   0.00290525    0.0230102   -0.0121997    0.0209271   -0.0719182     0.056706    0.0558379
  -0.0230905   -0.0347478    0.0173806    0.0856264    0.0555178    0.0472022     0.102683   -0.0166471   -0.0176141    0.0826107
   0.0254747    0.0102357    0.0385328  -0.00762272    0.0412968   -0.0443395   0.00645395   0.00634357  -0.00900164    0.0637134
   0.0225131  -0.00106749   -0.0216186      0.02218    0.0397504    0.0862494  -0.00185154   0.00366697   0.00222831    0.0241422
   0.0263606    0.0637478   0.00909662  -0.00663482    -0.027186  -0.00631226    0.0174456    0.0158609   0.00487701    0.0235585
   0.0297092    0.0242472   0.00133054   -0.0140074     -0.01167    0.0737488   0.00956497  -0.00947249   0.00620928    0.0195375
  0.00672278   -0.0256896    0.0442806   0.00411669    0.0660405   0.00249678   -0.0209333    0.0120696    -0.002611    0.0547777
  -0.0149644   -0.0708885   0.00300141   -0.0104441     0.081677    0.0352387    0.0475314    0.0602909    0.0739756    0.0462812
   0.0350103   -0.0346787    0.0270004    0.0421164    0.0683534    0.0377433   -0.0597831  -0.00687173    0.0656058    0.0534796
   0.0124398    0.0216279    0.0170426     0.044644    0.0194631    0.0185682    0.0478436    0.0130765   -0.0165368    0.0181573
  -0.0433022    0.0315386    0.0517323    0.0145884    0.0846735    0.0780469    -0.044391    0.0493908   -0.0963999    0.0325583
   0.0697455   -0.0760511    0.0167893    0.0360557    0.0911503    0.0570474    0.0569544   0.00839148    0.0438223   -0.0607297
    0.138115   -0.0425254     0.043237    -0.027534   -0.0679667  -0.00730433  0.000936183     0.131791    0.0685033   -0.0565903
   0.0296679   -0.0336713  -0.00516995   -0.0268347    0.0181409   -0.0104739   -0.0272041   0.00941451   -0.0140918     0.110816
   0.0155367  -0.00168885    0.0181044    0.0381933   0.00977345    0.0298256    0.0191084   0.00691344   -0.0388508    0.0366034
   0.0358139   -0.0167668    0.0424613  -0.00185737    0.0351452   -0.0234362  -0.00834496   0.00575534     0.051474   -0.0312133
    0.050835    0.0731378   0.00284171   -0.0462898    0.0634833   -0.0494971    0.0740453    0.0267961    0.0199575   -0.0351475
   0.0445696    0.0238734    0.0412334   -0.0327089    0.0448869   -0.0331448  -0.00922136    0.0313913    0.0187927    0.0524043
   0.0530383   0.00620837    0.0242369   -0.0208339  -0.00493585   0.00182512    0.0609408    0.0462135    0.0476071    0.0146728
   0.0675041   -0.0111545     0.029822   -0.0413486    0.0320864   -0.0179207   -0.0159313    0.0740348    0.0381173    0.0245478
   0.0466956    0.0834272     0.017334     0.021214    0.0206424   -0.0166947    0.0399425   0.00261917    0.0246358  -0.00312389
   -0.020363     0.118002    0.0233881    0.0253146   -0.0587369    0.0323914   0.00253557    0.0451865   0.00307838    -0.029464
    0.119313    0.0523186  0.000934723    0.0913426    0.0371836    0.0515881   -0.0759567   -0.0342266   -0.0989964     0.019829
   0.0298415   0.00313669   0.00323846  -0.00571409  -0.00456602  -0.00431977    -0.109578   0.00495487     0.028401    0.0244649
    0.048434  0.000235945  -0.00018361    0.0448937    0.0355051    0.0202746   0.00820132    0.0164186   -0.0131015    0.0143779
   0.0525456   -0.0310734   0.00102979    0.0765584     0.112436   -0.0742381   -0.0600963    0.0221209    0.0400379   0.00572967
    0.049494    -0.023322   -0.0233098    0.0401949     0.029229  -0.00935778    0.0790518   -0.0973214    0.0943655   -0.0040664
    0.115174  -0.00718312    -0.040644  -0.00661729   -0.0903188   -0.0348207    -0.109885     0.157269    0.0985528   0.00418825
    0.033294    0.0369323    0.0203407     0.068112     0.036391   0.00968047    0.0294811    -0.017436    0.0258005   -0.0779311
   0.0151516    0.0324231    0.0101897  -0.00774944    0.0213027   -0.0166502    0.0469743    0.0166149     0.019125   0.00620631
   0.0034857    0.0553658   0.00417366    0.0310018   -0.0340629   -0.0127571   0.00165627    0.0553673   0.00770187    0.0119349
  -0.0700325  -0.00222188     0.089682     0.111238   -0.0208607     0.087104    0.0459406   -0.0749379     -0.02473    0.0832253
   0.0122707    0.0223961    0.0227931      0.12961    0.0336332    0.0609284  -0.00387898  -0.00924091   -0.0355118   0.00383898
   0.0193144  -0.00550814    0.0100799   -0.0120349   -0.0129549   -0.0336525    0.0305528    0.0350421    0.0373466   0.00733435
  -0.0330979    0.0302113    0.0189749   -0.0405448    0.0497462     0.069547 -0.000444418    0.0900438   -0.0230335    0.0388864
   0.0102202    -0.013605    -0.027199    0.0255747    0.0784125    0.0116557   -0.0173908    0.0314236   0.00725879   -0.0163646
   0.0218122     0.118189    0.0456003    0.0586928   -0.0902381    0.0343907    0.0125738   -0.0600311    0.0366651   -0.0981544
  -0.0602392   -0.0282413  -0.00960719   -0.0339653   -0.0177779   -0.0488162     0.082661    0.0425404     0.036902     0.100375
   0.0202875    0.0436288    0.0331688     0.039141    0.0353646     0.031308   -0.0155071    0.0130972    0.0603977   -0.0613954
   0.0341577   0.00768346   -0.0266925    0.0168867    0.0314819    0.0681367   0.00954071  -0.00142094    0.0124999     0.018649
   0.0275078    0.0518022    0.0163345    0.0326178   0.00415943 -0.000343553    0.0169615  -0.00607663    0.0359668   -0.0305439
 -0.00265081  -0.00485474   0.00437171   -0.0184902    0.0617128  -0.00885846   -0.0554195      0.06391    -0.116427    0.0945919
  -0.0565137   -0.0269379    0.0672181    0.0564429     0.156023    0.0149117     0.148382    -0.098854   -0.0512057    0.0456151
 0.000593458   0.00448052    0.0456957    0.0496704  -0.00203066    -0.011058    0.0109121   -0.0250715    0.0350959    0.0899673
 -0.00926042   -0.0416016    0.0755671     0.159696    0.0431231    0.0696135   -0.0343453   -0.0353463     -0.06332   -0.0120652
  0.00365366     0.128934   0.00705228   -0.0155285   -0.0702576    -0.028438    0.0201686    0.0174161    0.0628338  -0.00811638
  0.00818884    0.0792443    -0.055382    -0.115833    0.0928791   0.00889505   -0.0233823     0.125953   0.00989158   -0.0303609
  -0.0209986    -0.021243     0.113255    0.0305465    0.0443655    0.0609997   -0.0149099  -0.00303739    0.0444943   -0.0311877
  -0.0250169     0.030461    0.0604809   -0.0500144   -0.0291617   -0.0708306    0.0112121   -0.0504993    0.0455624    0.0522029
  0.00603286     0.041441   0.00949786    0.0256462    0.0166616    0.0120461    0.0207513     0.026635    0.0255858    0.0287749
    0.014541    0.0534559    0.0161316    0.0422921   -0.0289962    0.0642211    0.0137821   0.00118421   -0.0132348   -0.0204873
   0.0436078    0.0943703    0.0337142    0.0809088   -0.0549192    0.0947284   -0.0228236   -0.0555742  -0.00125631   -0.0957113
  -0.0407279     -0.03936  -0.00754111   -0.0337875   -0.0274416    -0.030575    0.0884096   -0.0152531    0.0786975    0.0507291
   0.0518019   -0.0133383    0.0410408     0.011652    0.0453131   -0.0215378   0.00327198    0.0153053   0.00511251    0.0319034
  -0.0140818     0.049852    0.0266341    0.0808967    0.0681482    0.0348843   -0.0417635   -0.0145999  -0.00671145    0.0193384
  -0.0121296    0.0418167   -0.0564279     0.104001    0.0129246     0.033985   -0.0235773   0.00209227    0.0126823    0.0132328
   0.0870637    0.0330055    0.0266063    0.0597445    0.0137613    0.0587621   -0.0356174    0.0320743   -0.0446728   -0.0476973
    0.106425    0.0340715   -0.0164531   -0.0398454   -0.0895123    0.0479469    -0.128313    0.0925876     0.109426   -0.0247687
     0.05796    0.0227742   -0.0139836   -0.0437733    0.0252583    0.0478886    0.0779965    0.0747146  -0.00461412   -0.0356408
  0.00159883   0.00242273    0.0409426     0.013377    0.0516288    0.0166848    0.0159334    0.0100932    0.0348651    -0.011685
  0.00220454   -0.0949314    0.0753509   0.00040385    0.0392436  -0.00626556  0.000589969   -0.0206768    0.0460977    0.0855367
   0.0684185    0.0680945   -0.0566008    -0.056403    0.0711442   -0.0281245    0.0250434   0.00176579    0.0081238   -0.0499752
   0.0322846    0.0754523   -0.0961231  -0.00810453     0.044569   -0.0221075    0.0706513    0.0196244    0.0155472   -0.0293697
    0.013012   0.00456178   -0.0503027    0.0195711    0.0227138    0.0393792  -0.00376178  -0.00919419  -0.00561937  -0.00732683
   0.0273816   0.00875188   -0.0203366   -0.0164796   -0.0395573    0.0612726    0.0315274   0.00237577    0.0195115   -0.0347127
  -0.0662551     0.134962   -0.0202405    0.0706495   -0.0736614    0.0552216    0.0204912    0.0412215    0.0290151   -0.0517794
   0.0824919    0.0944967    0.0281831    0.0792328    -0.126814    0.0817891    0.0160262    0.0881595   -0.0119576    -0.082717
   0.0503721    0.0367538    0.0155816    0.0543659     0.039707    0.0167148    0.0121859   0.00652485   -0.0871873  -0.00231738
   0.0223562    0.0120755     0.067888    0.0335028    0.0136722    0.0289211    0.0105812    0.0193159    0.0331423     0.018475
 -0.00254723      0.02425    0.0193081  -0.00557772    0.0493721   -0.0265483   0.00699337    0.0340454    0.0197746    0.0545245
  0.00100266    0.0072349   -0.0602472    0.0934341   -0.0196785    0.0284072    0.0127283    0.0743758   -0.0331432   -0.0202279
 -0.00462905    -0.010812    0.0295248   -0.0127345   -0.0188274   -0.0357667   0.00813322   -0.0136725    0.0844078      0.10473
  -0.0532013  -0.00554397    0.0568595     0.112369     0.133712   -0.0950729     0.102559    -0.096654  -0.00521497    0.0217093
   0.0581622    0.0562727    -0.131849   -0.0632924   0.00715918    0.0438998    0.0504475    0.0334435    0.0153061    -0.015483
   0.0373487    0.0417122    -0.105645    0.0528308     0.023348     0.025898    0.0299027    0.0304348   -0.0334027    0.0613546
   0.0378366  -0.00633912     -0.07345    0.0570615    0.0115252    0.0131864    0.0204426    0.0366323   0.00574031    0.0575163
 -0.00403814   -0.0509068    0.0422567     0.021523   -0.0792331    0.0569566   0.00153974    0.0891125   -0.0396655    0.0324897
  0.00974449   -0.0390411    0.0874932     0.040522  -0.00546802    0.0278674  -0.00837298    0.0767223   -0.0538972     0.100333
  -0.0481613    0.0263045     0.104191   -0.0344167   -0.0144409    0.0417673   -0.0210614    0.0336066   -0.0483978    0.0806334
    0.107447   -0.0575079    0.0154534   -0.0488302    0.0238884   -0.0178838  0.000246935   -0.0274766    0.0806067    0.0278646
  0.00302137    0.0197857    0.0246397    0.0790912     0.074899    0.0356808   -0.0659491    0.0635167    0.0385226   -0.0341165
  -0.0680651   -0.0441025   -0.0354419  -0.00897574  -0.00472338  4.66101e-05    0.0549901   -0.0139405     0.195716    0.0275465
  -0.0212821    0.0434118     0.031447   -0.0267848    0.0361502   -0.0195368    0.0325372     0.101369   -0.0713988  -0.00112865
  0.00362692   -0.0154709    0.0131118   0.00335389     0.024242    0.0870261   0.00103273   0.00863187   0.00637884  -0.00146386
   0.0341437    0.0210161  -0.00826263    0.0562248  -0.00350687    0.0633113     0.013565    0.0707045    -0.002742  0.000579377
  -0.0959331  -0.00843872     0.109116   -0.0734004    0.0217664    0.0116185    0.0470411   0.00865744    0.0752918     0.031387
   0.0132674    0.0328675    0.0419948    0.0127656    0.0266624   -0.0207513    0.0872193   -0.0247468   -0.0111221   -0.0340368
   0.0135891    0.0235117    0.0588304    0.0203006    0.0315745    -0.072823    0.0907333   0.00633448   -0.0572965  0.000341879
   0.0833345   -0.0296852  -0.00601534  -0.00457645    0.0806531    0.0274598    0.0771045  -0.00206848    0.0590519   -0.0337161
  -0.0340422    0.0189763   -0.0439704   -0.0381829   0.00622237    -0.030731    0.0457595   -0.0343013    0.0557053    0.0309594
  0.00411376    0.0649522   -0.0703979    0.0701753  -0.00988366    0.0550839    0.0183399   -0.0299391   0.00429421    0.0433374
   -0.016298    0.0905981   -0.0401802    0.0579529  -0.00341125    0.0114974    0.0673818   -0.0623063   -0.0705527    0.0543002
   0.0253184    0.0242358   -0.0471488  -0.00317521     0.046866    -0.027775    0.0234347    0.0209888    0.0518189    0.0445816
   0.0189878   0.00781666   0.00901028   0.00464049    0.0143357  -0.00543332   0.00925351     0.013716    0.0172665   0.00217498
   0.0248223    0.0139829    0.0151375    0.0108258    0.0203571  0.000936745    0.0152132    0.0195615    0.0231027   0.00844456
   0.0242504    0.0118339     0.015167   0.00845348    0.0170973    0.0167944    0.0130926    0.0197155    0.0211084   0.00816441
   0.0284805   0.00649412     0.021004   0.00189475   0.00686189     0.101268     0.008903    0.0275516    0.0181568    0.0117456
   0.0102303      0.02972    0.0159147    0.0290645    0.0331374   -0.0731464    0.0175153   0.00153484    0.0167521    0.0201413
   0.0348372   -0.0147989    0.0703531   -0.0122451    0.0639222   -0.0426122    0.0416603   -0.0354109    0.0539823    0.0513621
  -0.0411456     -0.04356     0.112845    -0.058164  -0.00861069   -0.0315489    0.0682966   -0.0525758    0.0821063    0.0547338
  -0.0405779   -0.0194461    0.0589238   -0.0371985   -0.0105814    -0.015667    0.0423571   -0.0160522    0.0826086     0.097548
   0.0169942    0.0312022      0.03853    0.0362176    0.0175026    0.0208874    0.0261113   0.00348366    0.0242339   -0.0486678
   0.0118208    0.0399315    0.0108581     0.040738    0.0522444    -0.191684    0.0289506  -0.00211084    0.0281979    0.0161111
  -0.0357482    0.0106692    0.0330238  -0.00347478   -0.0370625     0.100866     0.116963   -0.0176569    0.0889178   -0.0370702
  -0.0386818    0.0274785    0.0371019    0.0499602   -0.0365757   -0.0499526   -0.0619355    0.0617709   -0.0255149    0.0595695
   0.0561711    0.0336418   -0.0679757     0.041904    0.0533846    0.0360627    0.0429696   -0.0039083    0.0151893   -0.0302441
   0.0244967    0.0432077    -0.106332    0.0427626     0.018396     0.013029    0.0208478    0.0159008    -0.010758   -0.0207059
   0.0399082   -0.0305159   -0.0560699    0.0544358    0.0485969    0.0254187    0.0204056    0.0297889    0.0124404   -0.0141322
    0.019445     0.036562    0.0024357    0.0404992    0.0184455    0.0204173    0.0261648   0.00698557     0.015914   -0.0436555
   0.0135033    0.0324452    0.0307156    0.0349033    0.0256042   -0.0208142    0.0226102   0.00254984    0.0208601    -0.014624
   0.0249785  -0.00156495   0.00639874  -0.00990264   0.00706651    0.0845877 -0.000567479    0.0280254    0.0106069    0.0450633
   0.0020973   -0.0310599   -0.0237218    0.0472198    0.0362327    0.0727438   -0.0287854    0.0503469 -0.000634634    0.0697782
 -0.00436899   0.00618023   -0.0710996    0.0891753     0.062615    0.0587257   -0.0531024     0.122397   -0.0330412     0.058758
  -0.0718004   -0.0314433      0.12599   -0.0451446   -0.0449038   -0.0353441    0.0824621   -0.0554511    0.0892698   -0.0250129
  -0.0499047   -0.0152508     0.071127   -0.0239943   -0.0217406    -0.021369    0.0533076   -0.0335339     0.102516    0.0109182
   0.0241493    0.0295349   -0.0220799    0.0232469    0.0146644    0.0139377    0.0321574     0.013886   -0.0341397   -0.0103656
   0.0120116    0.0171476    0.0177319    0.0146889    0.0165393    0.0138092   0.00862376   0.00758969    0.0110899    0.0175609
   0.0184048    0.0172731    0.0172854     0.014674    0.0194092    0.0101922    0.0124586    0.0134691    0.0167359    0.0147594
   0.0184048    0.0172731    0.0172854     0.014674    0.0194092    0.0101922    0.0124586    0.0134691    0.0167359    0.0147594
   0.0184048    0.0172731    0.0172854     0.014674    0.0194092    0.0101922    0.0124586    0.0134691    0.0167359    0.0147594
   0.0184048    0.0172731    0.0172854     0.014674    0.0194092    0.0101922    0.0124586    0.0134691    0.0167359    0.0147594
   0.0184048    0.0172731    0.0172854     0.014674    0.0194092    0.0101922    0.0124586    0.0134691    0.0167359    0.0147594
   0.0184048    0.0172731    0.0172854     0.014674    0.0194092    0.0101922    0.0124586    0.0134691    0.0167359    0.0147594
   0.0184048    0.0172731    0.0172854     0.014674    0.0194092    0.0101922    0.0124586    0.0134691    0.0167359    0.0147594
   0.0184048    0.0172731    0.0172854     0.014674    0.0194092    0.0101922    0.0124586    0.0134691    0.0167359    0.0147594
   0.0184048    0.0172731    0.0172854     0.014674    0.0194092    0.0101922    0.0124586    0.0134691    0.0167359    0.0147594
   0.0184048    0.0172731    0.0172854     0.014674    0.0194092    0.0101922    0.0124586    0.0134691    0.0167359    0.0147594
   0.0184048    0.0172731    0.0172854     0.014674    0.0194092    0.0101922    0.0124586    0.0134691    0.0167359    0.0147594
   0.0184048    0.0172731    0.0172854     0.014674    0.0194092    0.0101922    0.0124586    0.0134691    0.0167359    0.0147594
   0.0184048    0.0172731    0.0172854     0.014674    0.0194092    0.0101922    0.0124586    0.0134691    0.0167359    0.0147594
   0.0184048    0.0172731    0.0172854     0.014674    0.0194092    0.0101922    0.0124586    0.0134691    0.0167359    0.0147594
   0.0184048    0.0172731    0.0172854     0.014674    0.0194092    0.0101922    0.0124586    0.0134691    0.0167359    0.0147594
   0.0184048    0.0172731    0.0172854     0.014674    0.0194092    0.0101922    0.0124586    0.0134691    0.0167359    0.0147594
   0.0184048    0.0172731    0.0172854     0.014674    0.0194092    0.0101922    0.0124586    0.0134691    0.0167359    0.0147594
   0.0184048    0.0172731    0.0172854     0.014674    0.0194092    0.0101922    0.0124586    0.0134691    0.0167359    0.0147594
   0.0184048    0.0172731    0.0172854     0.014674    0.0194092    0.0101922    0.0124586    0.0134691    0.0167359    0.0147594
   0.0184048    0.0172731    0.0172854     0.014674    0.0194092    0.0101922    0.0124586    0.0134691    0.0167359    0.0147594
   0.0184048    0.0172731    0.0172854     0.014674    0.0194092    0.0101922    0.0124586    0.0134691    0.0167359    0.0147594
   0.0184048    0.0172731    0.0172854     0.014674    0.0194092    0.0101922    0.0124586    0.0134691    0.0167359    0.0147594
   0.0184048    0.0172731    0.0172854     0.014674    0.0194092    0.0101922    0.0124586    0.0134691    0.0167359    0.0147594
   0.0184048    0.0172731    0.0172854     0.014674    0.0194092    0.0101922    0.0124586    0.0134691    0.0167359    0.0147594
   0.0184048    0.0172731    0.0172854     0.014674    0.0194092    0.0101922    0.0124586    0.0134691    0.0167359    0.0147594
   0.0184048    0.0172731    0.0172854     0.014674    0.0194092    0.0101922    0.0124586    0.0134691    0.0167359    0.0147594
   0.0184048    0.0172731    0.0172854     0.014674    0.0194092    0.0101922    0.0124586    0.0134691    0.0167359    0.0147594
   0.0184048    0.0172731    0.0172854     0.014674    0.0194092    0.0101922    0.0124586    0.0134691    0.0167359    0.0147594
   0.0184048    0.0172731    0.0172854     0.014674    0.0194092    0.0101922    0.0124586    0.0134691    0.0167359    0.0147594
   0.0184048    0.0172731    0.0172854     0.014674    0.0194092    0.0101922    0.0124586    0.0134691    0.0167359    0.0147594
   0.0184048    0.0172731    0.0172854     0.014674    0.0194092    0.0101922    0.0124586    0.0134691    0.0167359    0.0147594
   0.0184048    0.0172731    0.0172854     0.014674    0.0194092    0.0101922    0.0124586    0.0134691    0.0167359    0.0147594
   0.0184048    0.0172731    0.0172854     0.014674    0.0194092    0.0101922    0.0124586    0.0134691    0.0167359    0.0147594
   0.0184048    0.0172731    0.0172854     0.014674    0.0194092    0.0101922    0.0124586    0.0134691    0.0167359    0.0147594
   0.0184048    0.0172731    0.0172854     0.014674    0.0194092    0.0101922    0.0124586    0.0134691    0.0167359    0.0147594
   0.0184048    0.0172731    0.0172854     0.014674    0.0194092    0.0101922    0.0124586    0.0134691    0.0167359    0.0147594
   0.0184048    0.0172731    0.0172854     0.014674    0.0194092    0.0101922    0.0124586    0.0134691    0.0167359    0.0147594
   0.0184048    0.0172731    0.0172854     0.014674    0.0194092    0.0101922    0.0124586    0.0134691    0.0167359    0.0147594
   0.0184048    0.0172731    0.0172854     0.014674    0.0194092    0.0101922    0.0124586    0.0134691    0.0167359    0.0147594
   0.0184048    0.0172731    0.0172854     0.014674    0.0194092    0.0101922    0.0124586    0.0134691    0.0167359    0.0147594
   0.0184048    0.0172731    0.0172854     0.014674    0.0194092    0.0101922    0.0124586    0.0134691    0.0167359    0.0147594
   0.0184048    0.0172731    0.0172854     0.014674    0.0194092    0.0101922    0.0124586    0.0134691    0.0167359    0.0147594
   0.0184048    0.0172731    0.0172854     0.014674    0.0194092    0.0101922    0.0124586    0.0134691    0.0167359    0.0147594
   0.0184048    0.0172731    0.0172854     0.014674    0.0194092    0.0101922    0.0124586    0.0134691    0.0167359    0.0147594
   0.0184048    0.0172731    0.0172854     0.014674    0.0194092    0.0101922    0.0124586    0.0134691    0.0167359    0.0147594
   0.0184048    0.0172731    0.0172854     0.014674    0.0194092    0.0101922    0.0124586    0.0134691    0.0167359    0.0147594
   0.0184048    0.0172731    0.0172854     0.014674    0.0194092    0.0101922    0.0124586    0.0134691    0.0167359    0.0147594
   0.0184048    0.0172731    0.0172854     0.014674    0.0194092    0.0101922    0.0124586    0.0134691    0.0167359    0.0147594
   0.0184048    0.0172731    0.0172854     0.014674    0.0194092    0.0101922    0.0124586    0.0134691    0.0167359    0.0147594
   0.0184048    0.0172731    0.0172854     0.014674    0.0194092    0.0101922    0.0124586    0.0134691    0.0167359    0.0147594
   0.0184048    0.0172731    0.0172854     0.014674    0.0194092    0.0101922    0.0124586    0.0134691    0.0167359    0.0147594
   0.0184048    0.0172731    0.0172854     0.014674    0.0194092    0.0101922    0.0124586    0.0134691    0.0167359    0.0147594
   0.0184048    0.0172731    0.0172854     0.014674    0.0194092    0.0101922    0.0124586    0.0134691    0.0167359    0.0147594
   0.0184048    0.0172731    0.0172854     0.014674    0.0194092    0.0101922    0.0124586    0.0134691    0.0167359    0.0147594
   0.0184048    0.0172731    0.0172854     0.014674    0.0194092    0.0101922    0.0124586    0.0134691    0.0167359    0.0147594
   0.0184048    0.0172731    0.0172854     0.014674    0.0194092    0.0101922    0.0124586    0.0134691    0.0167359    0.0147594
   0.0184048    0.0172731    0.0172854     0.014674    0.0194092    0.0101922    0.0124586    0.0134691    0.0167359    0.0147594
   0.0184048    0.0172731    0.0172854     0.014674    0.0194092    0.0101922    0.0124586    0.0134691    0.0167359    0.0147594
   0.0184048    0.0172731    0.0172854     0.014674    0.0194092    0.0101922    0.0124586    0.0134691    0.0167359    0.0147594
   0.0184048    0.0172731    0.0172854     0.014674    0.0194092    0.0101922    0.0124586    0.0134691    0.0167359    0.0147594
